,Month,Revenue,Offline_Spend,Online_Spend,Total_Marketing_Spend,Marketing_Spend_Percentage,Tax,Delivery_Charges,Delivery_Charges_Percentage
0,April,401618.42,96000,61026.83,157026.83000000002,39.0985129616316,401.61842,41481.74,10.328644786760528
1,August,401210.37,85500,57404.15,142904.15,35.61825931867115,401.21037,61099.57,15.228811259290232
2,December,523258.19,122000,76648.75,198648.75,37.96381094388604,523.25819,37881.99,7.239636325615849
3,February,310819.8,81300,55807.92,137107.91999999998,44.111707169234386,310.8198,49216.6,15.834448127178513
4,January,403624.58,96600,58328.95,154928.95,38.38441900639451,403.62458000000004,59242.32,14.677579844121485
5,July,372638.07,67500,52717.85,120217.85,32.261290425854774,372.63807,48723.93,13.075403165328758
6,June,321081.38,80500,53818.14,134318.14,41.833051795155484,321.08138,37513.58,11.68351151349854
7,March,349608.09,73500,48750.09,122250.09,34.96775203342691,349.60809000000006,60799.94,17.390884747546888
8,May,307763.42,65500,52759.64,118259.64,38.42550229003824,307.76342,41396.17,13.45064660381016
9,November,508942.62,93000,68144.96,161144.96000000002,31.66269706396372,508.94262000000003,32311.93,6.348835552424357
10,October,409681.28,93500,57724.65,151224.65,36.91275569144872,409.68128,45961.88,11.218935851791908
11,September,360548.4,83000,52514.54,135514.54,37.5856722703526,360.5484,41005.42,11.373069468620578
